% RMS difference of BT_sarta - BT_kcarta for 206 daytime
% FOVs using ECMWF profiles.  This is an independent
% profile test of sarta; compare with the results
% using the regression profiles (regprof_rms.txt).
%
% ID      freq    RMS
%----  --------  -----
    1   649.612  0.010
    2   649.851  0.009
    3   650.089  0.011
    4   650.328  0.015
    5   650.567  0.014
    6   650.806  0.011
    7   651.046  0.007
    8   651.285  0.005
    9   651.525  0.004
   10   651.765  0.012
   11   652.005  0.012
   12   652.245  0.007
   13   652.486  0.009
   14   652.727  0.011
   15   652.968  0.007
   16   653.209  0.009
   17   653.450  0.015
   18   653.691  0.010
   19   653.933  0.006
   20   654.175  0.006
   21   654.417  0.004
   22   654.659  0.006
   23   654.901  0.014
   24   655.144  0.012
   25   655.387  0.005
   26   655.630  0.009
   27   655.873  0.008
   28   656.116  0.008
   29   656.360  0.009
   30   656.604  0.011
   31   656.848  0.006
   32   657.092  0.009
   33   657.336  0.006
   34   657.581  0.011
   35   657.825  0.009
   36   658.070  0.013
   37   658.315  0.010
   38   658.561  0.012
   39   658.806  0.013
   40   659.052  0.007
   41   659.298  0.008
   42   659.544  0.015
   43   659.790  0.013
   44   660.036  0.006
   45   660.283  0.006
   46   660.530  0.006
   47   660.777  0.006
   48   661.024  0.012
   49   661.272  0.013
   50   661.519  0.007
   51   661.767  0.010
   52   662.015  0.013
   53   662.263  0.025
   54   662.512  0.024
   55   662.761  0.017
   56   663.009  0.014
   57   663.258  0.016
   58   663.508  0.013
   59   663.757  0.014
   60   664.007  0.011
   61   664.256  0.011
   62   664.506  0.012
   63   664.757  0.017
   64   665.007  0.016
   65   665.258  0.012
   66   665.508  0.010
   67   665.760  0.015
   68   666.011  0.011
   69   666.262  0.002
   70   666.514  0.005
   71   666.766  0.008
   72   667.018  0.006
   73   667.270  0.031
   74   667.522  0.023
   75   667.775  0.011
   76   668.028  0.021
   77   668.281  0.034
   78   668.534  0.036
   79   668.787  0.033
   80   669.041  0.023
   81   669.295  0.018
   82   669.549  0.016
   83   669.803  0.014
   84   670.057  0.032
   85   670.312  0.035
   86   670.567  0.020
   87   670.822  0.017
   88   671.077  0.018
   89   671.333  0.019
   90   671.588  0.014
   91   671.844  0.012
   92   672.100  0.012
   93   672.357  0.009
   94   672.613  0.008
   95   672.870  0.011
   96   673.127  0.009
   97   673.384  0.006
   98   673.641  0.007
   99   673.899  0.006
  100   674.156  0.008
  101   674.414  0.017
  102   674.672  0.010
  103   674.931  0.014
  104   675.189  0.007
  105   675.448  0.010
  106   675.707  0.007
  107   675.966  0.012
  108   676.226  0.012
  109   676.485  0.007
  110   676.745  0.007
  111   677.005  0.005
  112   677.265  0.007
  113   677.526  0.010
  114   677.786  0.012
  115   678.047  0.008
  116   678.308  0.006
  117   678.569  0.005
  118   678.831  0.015
  119   679.093  0.013
  120   679.355  0.012
  121   679.617  0.022
  122   679.879  0.005
  123   680.141  0.007
  124   680.404  0.009
  125   680.667  0.013
  126   680.930  0.018
  127   681.194  0.007
  128   681.457  0.006
  129   681.721  0.005
  130   681.985  0.006
  131   687.601  0.009
  132   687.871  0.005
  133   688.140  0.005
  134   688.410  0.021
  135   688.680  0.019
  136   688.950  0.021
  137   689.220  0.017
  138   689.491  0.011
  139   689.762  0.015
  140   690.033  0.009
  141   690.304  0.012
  142   690.576  0.015
  143   690.847  0.009
  144   691.119  0.005
  145   691.391  0.007
  146   691.664  0.012
  147   691.936  0.017
  148   692.209  0.019
  149   692.482  0.020
  150   692.755  0.006
  151   693.029  0.008
  152   693.302  0.006
  153   693.576  0.008
  154   693.851  0.014
  155   694.125  0.021
  156   694.399  0.007
  157   694.674  0.007
  158   694.949  0.010
  159   695.225  0.008
  160   695.500  0.023
  161   695.776  0.018
  162   696.052  0.013
  163   696.328  0.006
  164   696.604  0.057
  165   696.881  0.005
  166   697.158  0.021
  167   697.435  0.011
  168   697.712  0.011
  169   697.990  0.013
  170   698.267  0.016
  171   698.545  0.022
  172   698.823  0.011
  173   699.102  0.023
  174   699.381  0.012
  175   699.659  0.010
  176   699.939  0.007
  177   700.218  0.010
  178   700.497  0.013
  179   700.777  0.029
  180   701.057  0.022
  181   701.338  0.021
  182   701.618  0.021
  183   701.899  0.059
  184   702.180  0.025
  185   702.461  0.022
  186   702.742  0.017
  187   703.024  0.014
  188   703.306  0.010
  189   703.588  0.013
  190   703.870  0.027
  191   704.153  0.091
  192   704.436  0.023
  193   704.719  0.026
  194   705.002  0.124
  195   705.285  0.022
  196   705.569  0.037
  197   705.853  0.028
  198   706.137  0.014
  199   706.422  0.063
  200   706.706  0.040
  201   706.991  0.030
  202   707.276  0.042
  203   707.562  0.061
  204   707.847  0.042
  205   708.133  0.040
  206   708.419  0.053
  207   708.706  0.138
  208   708.992  0.084
  209   709.279  0.018
  210   709.566  0.028
  211   709.853  0.049
  212   710.141  0.045
  213   710.428  0.065
  214   710.716  0.059
  215   711.005  0.059
  216   711.293  0.044
  217   711.582  0.043
  218   711.871  0.061
  219   712.160  0.028
  220   712.449  0.052
  221   712.739  0.020
  222   713.029  0.072
  223   713.319  0.117
  224   713.609  0.086
  225   713.900  0.046
  226   714.191  0.038
  227   714.482  0.051
  228   714.773  0.043
  229   715.065  0.072
  230   715.356  0.107
  231   715.648  0.098
  232   715.941  0.059
  233   716.233  0.051
  234   716.526  0.052
  235   716.819  0.037
  236   717.112  0.151
  237   717.406  0.101
  238   717.700  0.130
  239   717.994  0.059
  240   718.288  0.062
  241   718.582  0.065
  242   718.877  0.043
  243   719.172  0.031
  244   719.467  0.042
  245   719.763  0.065
  246   720.058  0.049
  247   720.354  0.033
  248   720.651  0.061
  249   720.947  0.040
  250   721.244  0.102
  251   721.541  0.048
  252   721.838  0.014
  253   722.135  0.083
  254   722.433  0.136
  255   722.731  0.025
  256   723.029  0.047
  257   723.328  0.043
  258   723.626  0.095
  259   723.925  0.070
  260   724.224  0.046
  261   724.524  0.019
  262   724.823  0.044
  263   725.123  0.025
  264   725.424  0.118
  265   725.724  0.087
  266   726.025  0.024
  267   726.326  0.024
  268   726.627  0.021
  269   726.928  0.058
  270   727.230  0.051
  271   727.532  0.019
  272   727.834  0.016
  273   728.137  0.020
  274   728.439  0.022
  275   728.055  0.022
  276   728.357  0.021
  277   728.660  0.032
  278   728.963  0.072
  279   729.266  0.023
  280   729.569  0.101
  281   729.873  0.029
  282   730.177  0.058
  283   730.481  0.139
  284   730.785  0.067
  285   731.090  0.162
  286   731.395  0.023
  287   731.700  0.036
  288   732.005  0.030
  289   732.311  0.021
  290   732.617  0.038
  291   732.923  0.052
  292   733.229  0.041
  293   733.536  0.026
  294   733.843  0.031
  295   734.150  0.013
  296   734.458  0.041
  297   734.765  0.075
  298   735.073  0.026
  299   735.381  0.014
  300   735.690  0.034
  301   735.999  0.026
  302   736.308  0.033
  303   736.617  0.049
  304   736.926  0.024
  305   737.236  0.022
  306   737.546  0.032
  307   737.856  0.093
  308   738.167  0.036
  309   738.477  0.033
  310   738.788  0.046
  311   739.100  0.053
  312   739.411  0.052
  313   739.723  0.018
  314   740.035  0.033
  315   740.347  0.073
  316   740.660  0.108
  317   740.973  0.035
  318   741.286  0.042
  319   741.599  0.063
  320   741.913  0.235
  321   742.227  0.079
  322   742.541  0.088
  323   742.855  0.051
  324   743.170  0.020
  325   743.485  0.050
  326   743.800  0.023
  327   744.116  0.084
  328   744.431  0.035
  329   744.747  0.018
  330   745.064  0.092
  331   745.380  0.078
  332   745.697  0.023
  333   746.014  0.017
  334   746.331  0.012
  335   746.649  0.056
  336   746.967  0.062
  337   747.285  0.047
  338   747.603  0.015
  339   747.922  0.036
  340   748.241  0.066
  341   748.560  0.060
  342   748.879  0.032
  343   749.199  0.015
  344   749.519  0.028
  345   749.839  0.027
  346   750.160  0.047
  347   750.481  0.016
  348   750.802  0.045
  349   751.123  0.051
  350   751.445  0.054
  351   751.767  0.053
  352   752.089  0.027
  353   752.411  0.084
  354   752.734  0.052
  355   753.057  0.042
  356   753.380  0.019
  357   753.703  0.023
  358   754.027  0.112
  359   754.351  0.088
  360   754.676  0.040
  361   755.000  0.027
  362   755.325  0.024
  363   755.650  0.036
  364   755.976  0.100
  365   756.301  0.031
  366   756.627  0.026
  367   756.954  0.021
  368   757.280  0.117
  369   757.607  0.060
  370   757.934  0.018
  371   758.261  0.024
  372   758.589  0.086
  373   758.917  0.125
  374   759.245  0.054
  375   759.573  0.031
  376   759.902  0.022
  377   760.231  0.097
  378   760.561  0.117
  379   760.890  0.034
  380   761.220  0.031
  381   761.550  0.062
  382   761.880  0.120
  383   762.211  0.041
  384   762.542  0.037
  385   762.873  0.022
  386   763.205  0.059
  387   763.537  0.044
  388   763.869  0.041
  389   764.201  0.036
  390   764.534  0.026
  391   764.867  0.042
  392   765.200  0.028
  393   765.534  0.041
  394   765.867  0.026
  395   766.201  0.036
  396   766.536  0.031
  397   766.870  0.036
  398   767.205  0.022
  399   767.541  0.028
  400   767.876  0.041
  401   768.212  0.035
  402   768.548  0.034
  403   768.884  0.034
  404   769.221  0.035
  405   769.558  0.028
  406   769.895  0.028
  407   770.233  0.029
  408   770.570  0.027
  409   770.909  0.027
  410   771.247  0.027
  411   771.586  0.038
  412   771.925  0.038
  413   772.264  0.033
  414   772.603  0.029
  415   772.943  0.032
  416   773.283  0.039
  417   773.624  0.039
  418   773.964  0.031
  419   774.305  0.031
  420   774.647  0.040
  421   774.988  0.030
  422   775.330  0.025
  423   775.672  0.029
  424   776.015  0.024
  425   776.357  0.025
  426   776.700  0.019
  427   777.044  0.022
  428   777.387  0.018
  429   777.731  0.030
  430   778.076  0.037
  431   778.420  0.035
  432   778.765  0.027
  433   779.110  0.027
  434   779.455  0.026
  435   779.801  0.032
  436   780.147  0.033
  437   780.493  0.031
  438   780.840  0.038
  439   781.187  0.038
  440   781.534  0.038
  441   781.882  0.030
  442   789.263  0.036
  443   789.616  0.035
  444   789.971  0.034
  445   790.325  0.034
  446   790.680  0.034
  447   791.035  0.019
  448   791.390  0.093
  449   791.745  0.101
  450   792.101  0.058
  451   792.457  0.025
  452   792.814  0.027
  453   793.171  0.027
  454   793.528  0.018
  455   793.885  0.032
  456   794.243  0.023
  457   794.601  0.023
  458   794.959  0.025
  459   795.318  0.018
  460   795.677  0.014
  461   796.036  0.012
  462   796.396  0.015
  463   796.756  0.023
  464   797.116  0.020
  465   797.477  0.026
  466   797.837  0.025
  467   798.199  0.010
  468   798.560  0.021
  469   798.922  0.025
  470   799.284  0.022
  471   799.646  0.023
  472   800.009  0.026
  473   800.372  0.026
  474   800.735  0.029
  475   801.099  0.027
  476   801.463  0.024
  477   801.827  0.025
  478   802.192  0.028
  479   802.557  0.020
  480   802.922  0.030
  481   803.288  0.033
  482   803.654  0.029
  483   804.020  0.023
  484   804.386  0.026
  485   804.753  0.023
  486   805.120  0.025
  487   805.488  0.023
  488   805.856  0.017
  489   806.224  0.017
  490   806.592  0.021
  491   806.961  0.025
  492   807.330  0.023
  493   807.699  0.017
  494   808.069  0.030
  495   808.439  0.027
  496   808.809  0.025
  497   809.180  0.023
  498   809.551  0.022
  499   809.922  0.025
  500   810.294  0.027
  501   810.666  0.022
  502   811.038  0.021
  503   811.411  0.024
  504   811.784  0.025
  505   812.157  0.022
  506   812.531  0.021
  507   812.905  0.023
  508   813.279  0.021
  509   813.654  0.020
  510   814.029  0.023
  511   814.404  0.029
  512   814.779  0.029
  513   815.155  0.019
  514   815.532  0.023
  515   815.908  0.022
  516   816.285  0.023
  517   816.662  0.021
  518   817.040  0.021
  519   817.418  0.021
  520   817.796  0.022
  521   818.174  0.022
  522   818.553  0.020
  523   818.933  0.020
  524   819.312  0.022
  525   819.692  0.021
  526   820.072  0.020
  527   820.453  0.020
  528   820.834  0.021
  529   821.215  0.021
  530   821.596  0.021
  531   821.978  0.020
  532   822.361  0.021
  533   822.743  0.021
  534   823.126  0.021
  535   823.509  0.020
  536   823.893  0.021
  537   824.277  0.021
  538   824.661  0.019
  539   825.046  0.027
  540   825.431  0.025
  541   825.816  0.021
  542   826.202  0.020
  543   826.587  0.021
  544   826.974  0.021
  545   827.360  0.020
  546   827.747  0.024
  547   828.135  0.018
  548   828.522  0.020
  549   828.910  0.020
  550   829.299  0.020
  551   829.687  0.020
  552   830.076  0.020
  553   830.466  0.020
  554   830.856  0.020
  555   831.246  0.020
  556   831.636  0.020
  557   832.027  0.019
  558   832.418  0.019
  559   832.809  0.019
  560   833.201  0.019
  561   833.593  0.019
  562   833.986  0.019
  563   834.379  0.019
  564   834.772  0.019
  565   835.166  0.017
  566   835.559  0.017
  567   835.954  0.017
  568   836.348  0.019
  569   836.743  0.018
  570   837.139  0.018
  571   837.534  0.018
  572   837.930  0.018
  573   838.327  0.018
  574   838.723  0.018
  575   839.120  0.016
  576   839.518  0.018
  577   839.916  0.025
  578   840.314  0.022
  579   840.712  0.015
  580   841.111  0.019
  581   841.510  0.023
  582   841.910  0.019
  583   842.310  0.017
  584   842.710  0.016
  585   843.111  0.016
  586   843.512  0.016
  587   843.913  0.016
  588   844.315  0.015
  589   844.717  0.015
  590   845.119  0.015
  591   845.522  0.016
  592   845.925  0.016
  593   846.329  0.015
  594   846.732  0.015
  595   847.137  0.014
  596   847.541  0.014
  597   847.946  0.014
  598   848.352  0.015
  599   848.757  0.015
  600   849.163  0.011
  601   849.570  0.019
  602   849.977  0.012
  603   850.384  0.015
  604   850.791  0.015
  605   851.199  0.016
  606   851.607  0.016
  607   852.016  0.013
  608   852.425  0.025
  609   851.490  0.016
  610   851.797  0.019
  611   852.104  0.015
  612   852.411  0.025
  613   852.718  0.028
  614   853.026  0.026
  615   853.334  0.015
  616   853.642  0.015
  617   853.950  0.017
  618   854.259  0.021
  619   854.568  0.032
  620   854.877  0.024
  621   855.186  0.015
  622   855.495  0.016
  623   855.805  0.016
  624   856.115  0.016
  625   856.426  0.015
  626   856.736  0.016
  627   857.047  0.016
  628   857.358  0.016
  629   857.669  0.016
  630   857.981  0.016
  631   858.292  0.011
  632   858.604  0.012
  633   858.917  0.011
  634   859.229  0.016
  635   859.542  0.015
  636   859.855  0.015
  637   860.168  0.016
  638   860.482  0.016
  639   860.795  0.016
  640   861.109  0.016
  641   861.424  0.015
  642   861.738  0.016
  643   862.053  0.016
  644   862.368  0.015
  645   862.683  0.015
  646   862.998  0.016
  647   863.314  0.015
  648   863.630  0.015
  649   863.946  0.015
  650   864.263  0.016
  651   864.579  0.012
  652   864.896  0.015
  653   865.214  0.021
  654   865.531  0.023
  655   865.849  0.011
  656   866.167  0.016
  657   866.485  0.016
  658   866.803  0.015
  659   867.122  0.015
  660   867.441  0.015
  661   867.760  0.015
  662   868.080  0.015
  663   868.399  0.015
  664   868.719  0.015
  665   869.040  0.015
  666   869.360  0.015
  667   869.681  0.015
  668   870.002  0.015
  669   870.323  0.015
  670   870.645  0.017
  671   870.966  0.014
  672   871.288  0.020
  673   871.611  0.013
  674   871.933  0.016
  675   872.256  0.015
  676   872.579  0.015
  677   872.902  0.015
  678   873.226  0.015
  679   873.550  0.015
  680   873.874  0.015
  681   874.198  0.015
  682   874.523  0.015
  683   874.847  0.015
  684   875.172  0.014
  685   875.498  0.014
  686   875.823  0.015
  687   876.149  0.015
  688   876.475  0.014
  689   876.802  0.014
  690   877.128  0.015
  691   877.455  0.015
  692   877.783  0.015
  693   878.110  0.011
  694   878.438  0.019
  695   878.766  0.015
  696   879.094  0.013
  697   879.422  0.015
  698   879.751  0.015
  699   880.080  0.014
  700   880.409  0.014
  701   880.739  0.019
  702   881.069  0.015
  703   881.399  0.013
  704   881.729  0.015
  705   882.060  0.015
  706   882.390  0.015
  707   882.721  0.012
  708   883.053  0.013
  709   883.384  0.011
  710   883.716  0.018
  711   884.049  0.017
  712   884.381  0.011
  713   884.714  0.014
  714   885.047  0.014
  715   885.380  0.014
  716   885.713  0.014
  717   886.047  0.014
  718   886.381  0.014
  719   886.715  0.016
  720   887.050  0.014
  721   887.385  0.014
  722   887.720  0.011
  723   888.055  0.013
  724   888.391  0.013
  725   888.727  0.015
  726   889.063  0.010
  727   889.399  0.013
  728   889.736  0.016
  729   890.073  0.014
  730   890.410  0.018
  731   890.748  0.014
  732   891.086  0.011
  733   891.424  0.012
  734   891.762  0.011
  735   892.101  0.011
  736   892.440  0.012
  737   892.779  0.014
  738   893.118  0.013
  739   893.458  0.013
  740   893.798  0.014
  741   894.138  0.013
  742   894.479  0.013
  743   894.820  0.013
  744   895.161  0.012
  745   895.502  0.013
  746   895.844  0.013
  747   896.185  0.015
  748   896.528  0.016
  749   896.870  0.014
  750   897.213  0.014
  751   897.556  0.020
  752   897.899  0.018
  753   898.243  0.014
  754   898.586  0.014
  755   898.931  0.013
  756   899.275  0.013
  757   899.620  0.014
  758   899.965  0.013
  759   900.310  0.012
  760   900.655  0.013
  761   901.001  0.013
  762   901.347  0.013
  763   901.694  0.013
  764   902.040  0.013
  765   902.387  0.013
  766   902.734  0.013
  767   903.082  0.013
  768   903.429  0.013
  769   903.778  0.012
  770   911.235  0.012
  771   911.590  0.011
  772   911.945  0.011
  773   912.301  0.011
  774   912.656  0.011
  775   913.012  0.011
  776   913.369  0.012
  777   913.725  0.010
  778   914.082  0.010
  779   914.439  0.009
  780   914.796  0.010
  781   915.154  0.012
  782   915.512  0.011
  783   915.870  0.011
  784   916.229  0.011
  785   916.588  0.011
  786   916.947  0.011
  787   917.306  0.011
  788   917.666  0.011
  789   918.026  0.011
  790   918.386  0.012
  791   918.747  0.011
  792   919.108  0.011
  793   919.469  0.011
  794   919.830  0.011
  795   920.192  0.011
  796   920.554  0.011
  797   920.917  0.014
  798   921.279  0.011
  799   921.642  0.010
  800   922.005  0.021
  801   922.369  0.020
  802   922.733  0.009
  803   923.097  0.011
  804   923.461  0.011
  805   923.826  0.012
  806   924.191  0.011
  807   924.556  0.011
  808   924.922  0.017
  809   925.288  0.013
  810   925.654  0.013
  811   926.021  0.011
  812   926.387  0.010
  813   926.754  0.010
  814   927.122  0.011
  815   927.490  0.010
  816   927.858  0.010
  817   928.226  0.011
  818   928.594  0.017
  819   928.963  0.010
  820   929.333  0.014
  821   929.702  0.011
  822   930.072  0.010
  823   930.442  0.010
  824   930.812  0.011
  825   931.183  0.010
  826   931.554  0.010
  827   931.925  0.012
  828   932.297  0.012
  829   932.669  0.013
  830   933.041  0.011
  831   933.414  0.010
  832   933.787  0.011
  833   934.160  0.011
  834   934.533  0.011
  835   934.907  0.011
  836   935.281  0.011
  837   935.655  0.011
  838   936.030  0.011
  839   936.405  0.011
  840   936.780  0.012
  841   937.156  0.013
  842   937.532  0.013
  843   937.908  0.012
  844   938.285  0.011
  845   938.662  0.012
  846   939.039  0.011
  847   939.416  0.011
  848   939.794  0.012
  849   940.172  0.013
  850   940.550  0.015
  851   940.929  0.025
  852   941.308  0.022
  853   941.688  0.011
  854   942.067  0.011
  855   942.447  0.013
  856   942.827  0.010
  857   943.208  0.011
  858   943.589  0.012
  859   943.970  0.013
  860   944.352  0.015
  861   944.734  0.024
  862   945.116  0.020
  863   945.498  0.011
  864   945.881  0.013
  865   946.264  0.012
  866   946.647  0.013
  867   947.031  0.013
  868   947.415  0.013
  869   947.800  0.015
  870   948.184  0.021
  871   948.569  0.014
  872   948.955  0.010
  873   949.340  0.013
  874   949.726  0.011
  875   950.113  0.010
  876   950.499  0.010
  877   950.886  0.010
  878   951.273  0.011
  879   951.661  0.010
  880   952.049  0.010
  881   952.437  0.009
  882   952.826  0.009
  883   953.214  0.014
  884   953.604  0.013
  885   953.993  0.011
  886   954.383  0.013
  887   954.773  0.012
  888   955.163  0.015
  889   955.554  0.015
  890   955.945  0.016
  891   956.337  0.009
  892   956.729  0.009
  893   957.121  0.009
  894   957.513  0.009
  895   957.906  0.009
  896   958.299  0.009
  897   958.692  0.011
  898   959.086  0.020
  899   959.480  0.019
  900   959.874  0.015
  901   960.269  0.014
  902   960.664  0.013
  903   961.060  0.012
  904   961.455  0.011
  905   961.851  0.011
  906   962.248  0.011
  907   962.644  0.010
  908   963.041  0.009
  909   963.439  0.009
  910   963.836  0.010
  911   964.234  0.009
  912   964.633  0.009
  913   965.031  0.009
  914   965.430  0.011
  915   965.830  0.017
  916   966.229  0.017
  917   966.630  0.017
  918   967.030  0.021
  919   967.431  0.014
  920   967.832  0.010
  921   968.233  0.010
  922   968.635  0.012
  923   969.037  0.014
  924   969.439  0.013
  925   969.842  0.015
  926   970.245  0.014
  927   970.648  0.014
  928   971.052  0.024
  929   971.456  0.018
  930   971.860  0.020
  931   972.265  0.015
  932   972.670  0.017
  933   973.076  0.020
  934   973.481  0.019
  935   973.887  0.018
  936   974.294  0.020
  937   973.818  0.018
  938   974.225  0.024
  939   974.631  0.016
  940   975.039  0.014
  941   975.446  0.013
  942   975.854  0.024
  943   976.262  0.019
  944   976.670  0.018
  945   977.079  0.017
  946   977.488  0.021
  947   977.898  0.023
  948   978.308  0.019
  949   978.718  0.023
  950   979.128  0.024
  951   979.539  0.017
  952   979.950  0.017
  953   980.362  0.025
  954   980.774  0.022
  955   981.186  0.022
  956   981.599  0.029
  957   982.011  0.028
  958   982.425  0.023
  959   982.838  0.020
  960   983.252  0.014
  961   983.667  0.025
  962   984.081  0.036
  963   984.496  0.043
  964   984.912  0.031
  965   985.327  0.026
  966   985.743  0.031
  967   986.160  0.032
  968   986.576  0.033
  969   986.993  0.033
  970   987.411  0.024
  971   987.829  0.030
  972   988.247  0.032
  973   988.665  0.031
  974   989.084  0.029
  975   989.503  0.027
  976   989.923  0.021
  977   990.343  0.019
  978   990.763  0.023
  979   991.183  0.022
  980   991.604  0.019
  981   992.026  0.021
  982   992.447  0.017
  983   992.869  0.014
  984   993.292  0.018
  985   993.714  0.022
  986   994.137  0.011
  987   994.561  0.016
  988   994.984  0.012
  989   995.409  0.012
  990   995.833  0.014
  991   996.258  0.015
  992   996.683  0.010
  993   997.109  0.012
  994   997.535  0.013
  995   997.961  0.013
  996   998.388  0.013
  997   998.814  0.016
  998   999.242  0.013
  999   999.669  0.017
 1000  1000.098  0.013
 1001  1000.526  0.016
 1002  1000.955  0.015
 1003  1001.384  0.010
 1004  1001.813  0.018
 1005  1002.243  0.030
 1006  1002.674  0.019
 1007  1003.104  0.019
 1008  1003.535  0.017
 1009  1003.966  0.013
 1010  1004.398  0.019
 1011  1004.830  0.022
 1012  1005.263  0.021
 1013  1005.695  0.025
 1014  1006.129  0.021
 1015  1006.562  0.026
 1016  1006.996  0.034
 1017  1007.430  0.031
 1018  1007.865  0.025
 1019  1008.300  0.032
 1020  1008.735  0.034
 1021  1009.171  0.039
 1022  1009.607  0.054
 1023  1010.044  0.060
 1024  1010.480  0.051
 1025  1010.918  0.069
 1026  1011.355  0.040
 1027  1011.793  0.038
 1028  1012.231  0.040
 1029  1012.670  0.028
 1030  1013.109  0.034
 1031  1013.549  0.042
 1032  1013.988  0.078
 1033  1014.429  0.146
 1034  1014.869  0.121
 1035  1015.310  0.062
 1036  1015.751  0.070
 1037  1016.193  0.061
 1038  1016.635  0.078
 1039  1017.078  0.057
 1040  1017.520  0.061
 1041  1017.964  0.095
 1042  1018.407  0.085
 1043  1018.851  0.076
 1044  1019.296  0.056
 1045  1019.740  0.043
 1046  1020.185  0.050
 1047  1020.631  0.081
 1048  1021.077  0.066
 1049  1021.523  0.046
 1050  1021.969  0.047
 1051  1022.416  0.042
 1052  1022.864  0.028
 1053  1023.312  0.032
 1054  1023.760  0.063
 1055  1024.208  0.123
 1056  1024.657  0.074
 1057  1025.106  0.035
 1058  1025.556  0.096
 1059  1026.006  0.095
 1060  1026.457  0.115
 1061  1026.907  0.065
 1062  1027.359  0.095
 1063  1027.810  0.118
 1064  1028.262  0.073
 1065  1028.714  0.060
 1066  1029.167  0.109
 1067  1029.620  0.167
 1068  1030.074  0.068
 1069  1030.528  0.057
 1070  1030.982  0.112
 1071  1031.437  0.130
 1072  1031.892  0.070
 1073  1032.348  0.051
 1074  1032.803  0.061
 1075  1033.260  0.064
 1076  1033.716  0.066
 1077  1034.173  0.056
 1078  1034.631  0.113
 1079  1035.089  0.058
 1080  1035.547  0.035
 1081  1036.005  0.064
 1082  1036.464  0.043
 1083  1036.924  0.042
 1084  1037.384  0.100
 1085  1037.844  0.086
 1086  1038.305  0.026
 1087  1038.766  0.035
 1088  1039.227  0.117
 1089  1039.689  0.072
 1090  1040.151  0.050
 1091  1040.614  0.054
 1092  1041.077  0.151
 1093  1041.540  0.110
 1094  1042.004  0.052
 1095  1042.468  0.040
 1096  1042.932  0.034
 1097  1043.397  0.037
 1098  1043.863  0.034
 1099  1044.329  0.030
 1100  1044.795  0.100
 1101  1045.261  0.069
 1102  1045.729  0.046
 1103  1046.196  0.052
 1104  1056.104  0.322
 1105  1056.580  0.054
 1106  1057.056  0.290
 1107  1057.533  0.340
 1108  1058.010  0.205
 1109  1058.487  0.124
 1110  1058.965  0.102
 1111  1059.443  0.099
 1112  1059.922  0.104
 1113  1060.401  0.064
 1114  1060.881  0.044
 1115  1061.361  0.052
 1116  1061.841  0.058
 1117  1062.322  0.114
 1118  1062.803  0.167
 1119  1063.285  0.102
 1120  1063.767  0.090
 1121  1064.249  0.063
 1122  1064.732  0.055
 1123  1065.215  0.039
 1124  1065.699  0.132
 1125  1066.183  0.208
 1126  1066.668  0.113
 1127  1067.153  0.021
 1128  1067.638  0.024
 1129  1068.124  0.011
 1130  1068.610  0.031
 1131  1069.097  0.016
 1132  1069.584  0.011
 1133  1070.071  0.011
 1134  1070.559  0.011
 1135  1071.047  0.010
 1136  1071.536  0.019
 1137  1072.025  0.018
 1138  1072.515  0.022
 1139  1073.005  0.015
 1140  1073.495  0.010
 1141  1073.986  0.013
 1142  1074.477  0.057
 1143  1074.969  0.046
 1144  1075.461  0.008
 1145  1075.954  0.013
 1146  1076.447  0.010
 1147  1076.940  0.016
 1148  1077.434  0.018
 1149  1077.928  0.008
 1150  1078.423  0.020
 1151  1078.918  0.017
 1152  1079.414  0.015
 1153  1079.910  0.016
 1154  1080.406  0.011
 1155  1080.903  0.033
 1156  1081.400  0.031
 1157  1081.898  0.009
 1158  1082.396  0.012
 1159  1082.895  0.008
 1160  1083.394  0.012
 1161  1083.893  0.010
 1162  1084.393  0.011
 1163  1084.893  0.012
 1164  1085.394  0.033
 1165  1085.895  0.015
 1166  1086.397  0.007
 1167  1086.899  0.012
 1168  1087.401  0.009
 1169  1087.904  0.015
 1170  1088.408  0.013
 1171  1088.912  0.007
 1172  1089.416  0.007
 1173  1089.921  0.009
 1174  1090.426  0.020
 1175  1090.931  0.022
 1176  1091.437  0.024
 1177  1091.944  0.026
 1178  1092.451  0.007
 1179  1092.958  0.008
 1180  1093.466  0.008
 1181  1093.974  0.009
 1182  1094.483  0.010
 1183  1094.992  0.011
 1184  1095.501  0.008
 1185  1096.011  0.008
 1186  1096.522  0.008
 1187  1097.033  0.008
 1188  1097.544  0.008
 1189  1098.056  0.009
 1190  1098.568  0.009
 1191  1099.081  0.013
 1192  1099.594  0.024
 1193  1100.108  0.016
 1194  1100.622  0.011
 1195  1101.136  0.017
 1196  1101.651  0.022
 1197  1102.167  0.019
 1198  1102.683  0.008
 1199  1103.199  0.007
 1200  1103.716  0.009
 1201  1104.233  0.009
 1202  1104.751  0.007
 1203  1105.269  0.008
 1204  1105.788  0.012
 1205  1106.307  0.018
 1206  1106.826  0.026
 1207  1107.346  0.014
 1208  1107.867  0.011
 1209  1108.388  0.010
 1210  1108.909  0.008
 1211  1109.431  0.007
 1212  1109.953  0.008
 1213  1110.476  0.018
 1214  1110.999  0.016
 1215  1111.523  0.019
 1216  1112.047  0.011
 1217  1112.571  0.014
 1218  1113.096  0.009
 1219  1113.622  0.010
 1220  1114.148  0.007
 1221  1114.674  0.011
 1222  1115.201  0.012
 1223  1115.729  0.010
 1224  1116.257  0.009
 1225  1116.785  0.014
 1226  1117.314  0.018
 1227  1117.843  0.022
 1228  1118.373  0.011
 1229  1118.903  0.015
 1230  1119.433  0.015
 1231  1119.965  0.012
 1232  1120.496  0.019
 1233  1121.028  0.036
 1234  1121.561  0.020
 1235  1122.094  0.019
 1236  1122.627  0.011
 1237  1123.161  0.010
 1238  1123.696  0.011
 1239  1124.231  0.018
 1240  1124.766  0.013
 1241  1125.302  0.014
 1242  1125.839  0.020
 1243  1126.375  0.013
 1244  1126.913  0.012
 1245  1127.450  0.017
 1246  1127.989  0.015
 1247  1128.527  0.009
 1248  1129.067  0.014
 1249  1129.606  0.011
 1250  1130.147  0.011
 1251  1130.687  0.013
 1252  1131.228  0.012
 1253  1131.770  0.009
 1254  1132.312  0.009
 1255  1132.855  0.010
 1256  1133.398  0.013
 1257  1133.942  0.019
 1258  1134.486  0.026
 1259  1135.030  0.017
 1260  1135.575  0.020
 1261  1136.121  0.018
 1262  1136.667  0.017
 1263  1216.974  0.018
 1264  1217.481  0.033
 1265  1217.988  0.017
 1266  1218.496  0.015
 1267  1219.004  0.011
 1268  1219.513  0.026
 1269  1220.022  0.036
 1270  1220.531  0.009
 1271  1221.041  0.008
 1272  1221.552  0.015
 1273  1222.062  0.031
 1274  1222.574  0.032
 1275  1223.085  0.029
 1276  1223.597  0.040
 1277  1224.110  0.015
 1278  1224.623  0.024
 1279  1225.136  0.017
 1280  1225.650  0.023
 1281  1226.164  0.019
 1282  1226.679  0.031
 1283  1227.194  0.054
 1284  1227.709  0.022
 1285  1228.225  0.014
 1286  1228.742  0.026
 1287  1229.258  0.033
 1288  1229.776  0.016
 1289  1230.293  0.019
 1290  1230.811  0.017
 1291  1231.330  0.009
 1292  1231.849  0.009
 1293  1232.368  0.018
 1294  1232.888  0.023
 1295  1233.408  0.028
 1296  1233.929  0.017
 1297  1234.450  0.008
 1298  1234.971  0.010
 1299  1235.493  0.038
 1300  1236.016  0.034
 1301  1236.538  0.033
 1302  1237.062  0.046
 1303  1237.585  0.045
 1304  1238.110  0.024
 1305  1238.634  0.015
 1306  1239.159  0.022
 1307  1239.685  0.018
 1308  1240.211  0.010
 1309  1240.737  0.023
 1310  1241.264  0.020
 1311  1241.791  0.018
 1312  1242.319  0.017
 1313  1242.847  0.025
 1314  1243.375  0.018
 1315  1243.904  0.022
 1316  1244.434  0.021
 1317  1244.964  0.073
 1318  1245.494  0.037
 1319  1246.025  0.020
 1320  1246.556  0.018
 1321  1247.088  0.025
 1322  1247.620  0.071
 1323  1248.152  0.041
 1324  1248.685  0.017
 1325  1249.219  0.024
 1326  1249.753  0.024
 1327  1250.287  0.022
 1328  1250.822  0.014
 1329  1251.357  0.014
 1330  1251.893  0.013
 1331  1252.429  0.011
 1332  1252.965  0.011
 1333  1253.503  0.023
 1334  1254.040  0.024
 1335  1254.578  0.016
 1336  1255.116  0.027
 1337  1255.655  0.020
 1338  1256.195  0.021
 1339  1256.734  0.023
 1340  1257.275  0.011
 1341  1257.815  0.010
 1342  1258.357  0.027
 1343  1258.898  0.043
 1344  1259.440  0.051
 1345  1259.983  0.168
 1346  1260.526  0.091
 1347  1261.069  0.018
 1348  1261.613  0.052
 1349  1262.157  0.011
 1350  1262.702  0.024
 1351  1263.247  0.024
 1352  1263.793  0.024
 1353  1264.339  0.016
 1354  1264.886  0.017
 1355  1265.433  0.020
 1356  1265.981  0.027
 1357  1266.529  0.035
 1358  1267.077  0.031
 1359  1267.626  0.025
 1360  1268.176  0.031
 1361  1268.726  0.024
 1362  1269.276  0.056
 1363  1269.827  0.039
 1364  1270.378  0.055
 1365  1270.930  0.036
 1366  1271.482  0.096
 1367  1272.035  0.136
 1368  1272.588  0.014
 1369  1284.348  0.026
 1370  1284.911  0.010
 1371  1285.475  0.012
 1372  1286.039  0.012
 1373  1286.604  0.042
 1374  1287.169  0.090
 1375  1287.735  0.058
 1376  1288.301  0.042
 1377  1288.868  0.092
 1378  1289.435  0.037
 1379  1290.003  0.032
 1380  1290.571  0.068
 1381  1291.140  0.037
 1382  1291.709  0.013
 1383  1292.278  0.022
 1384  1292.848  0.034
 1385  1293.419  0.025
 1386  1293.990  0.032
 1387  1294.561  0.021
 1388  1295.133  0.030
 1389  1295.706  0.019
 1390  1296.279  0.046
 1391  1296.853  0.172
 1392  1297.427  0.062
 1393  1298.001  0.023
 1394  1298.576  0.026
 1395  1299.151  0.038
 1396  1299.727  0.057
 1397  1300.304  0.029
 1398  1300.881  0.023
 1399  1301.458  0.035
 1400  1302.036  0.020
 1401  1302.615  0.032
 1402  1303.194  0.026
 1403  1303.773  0.013
 1404  1304.353  0.017
 1405  1304.934  0.017
 1406  1305.515  0.014
 1407  1306.096  0.034
 1408  1306.678  0.033
 1409  1307.260  0.065
 1410  1307.843  0.034
 1411  1308.427  0.064
 1412  1309.011  0.024
 1413  1309.595  0.011
 1414  1310.180  0.009
 1415  1310.766  0.033
 1416  1311.352  0.009
 1417  1311.938  0.067
 1418  1312.525  0.066
 1419  1313.113  0.056
 1420  1313.701  0.042
 1421  1314.289  0.039
 1422  1314.878  0.056
 1423  1315.468  0.016
 1424  1316.058  0.015
 1425  1316.648  0.080
 1426  1317.239  0.090
 1427  1317.831  0.027
 1428  1318.423  0.052
 1429  1319.016  0.049
 1430  1319.609  0.029
 1431  1320.202  0.035
 1432  1320.797  0.046
 1433  1321.391  0.019
 1434  1321.986  0.053
 1435  1322.582  0.017
 1436  1323.178  0.018
 1437  1323.775  0.022
 1438  1324.372  0.012
 1439  1324.970  0.011
 1440  1325.568  0.008
 1441  1326.167  0.014
 1442  1326.766  0.035
 1443  1327.366  0.040
 1444  1327.967  0.037
 1445  1328.568  0.011
 1446  1329.169  0.013
 1447  1329.771  0.020
 1448  1330.373  0.022
 1449  1330.976  0.012
 1450  1331.580  0.018
 1451  1332.184  0.038
 1452  1332.788  0.032
 1453  1333.393  0.014
 1454  1333.999  0.007
 1455  1334.605  0.008
 1456  1335.212  0.009
 1457  1335.819  0.032
 1458  1336.427  0.121
 1459  1337.035  0.053
 1460  1337.644  0.081
 1461  1338.253  0.063
 1462  1338.863  0.048
 1463  1338.161  0.130
 1464  1338.669  0.044
 1465  1339.178  0.042
 1466  1339.687  0.043
 1467  1340.196  0.061
 1468  1340.706  0.046
 1469  1341.216  0.130
 1470  1341.727  0.070
 1471  1342.238  0.025
 1472  1342.749  0.029
 1473  1343.261  0.033
 1474  1343.773  0.015
 1475  1344.286  0.019
 1476  1344.799  0.016
 1477  1345.312  0.012
 1478  1345.826  0.022
 1479  1346.340  0.051
 1480  1346.855  0.044
 1481  1347.370  0.032
 1482  1347.886  0.019
 1483  1348.402  0.078
 1484  1348.918  0.047
 1485  1349.435  0.031
 1486  1349.952  0.020
 1487  1350.469  0.088
 1488  1350.987  0.030
 1489  1351.506  0.032
 1490  1352.025  0.029
 1491  1352.544  0.022
 1492  1353.063  0.031
 1493  1353.583  0.023
 1494  1354.104  0.016
 1495  1354.625  0.057
 1496  1355.146  0.105
 1497  1355.668  0.081
 1498  1356.190  0.035
 1499  1356.713  0.027
 1500  1357.236  0.019
 1501  1357.759  0.047
 1502  1358.283  0.043
 1503  1358.807  0.021
 1504  1359.332  0.014
 1505  1359.857  0.015
 1506  1360.383  0.109
 1507  1360.909  0.041
 1508  1361.435  0.049
 1509  1361.962  0.015
 1510  1362.489  0.042
 1511  1363.017  0.050
 1512  1363.545  0.043
 1513  1364.073  0.042
 1514  1364.602  0.017
 1515  1365.131  0.018
 1516  1365.661  0.008
 1517  1366.192  0.013
 1518  1366.722  0.014
 1519  1367.253  0.007
 1520  1367.785  0.046
 1521  1368.317  0.109
 1522  1368.849  0.062
 1523  1369.382  0.017
 1524  1369.915  0.035
 1525  1370.449  0.019
 1526  1370.983  0.017
 1527  1371.517  0.012
 1528  1372.052  0.034
 1529  1372.588  0.032
 1530  1373.123  0.032
 1531  1373.660  0.042
 1532  1374.196  0.032
 1533  1374.733  0.022
 1534  1375.271  0.045
 1535  1375.809  0.031
 1536  1376.347  0.011
 1537  1376.886  0.005
 1538  1377.425  0.015
 1539  1377.965  0.034
 1540  1378.505  0.028
 1541  1379.046  0.023
 1542  1379.587  0.035
 1543  1380.128  0.020
 1544  1380.670  0.015
 1545  1381.213  0.015
 1546  1381.756  0.031
 1547  1382.299  0.026
 1548  1382.843  0.017
 1549  1383.387  0.013
 1550  1383.931  0.021
 1551  1384.476  0.007
 1552  1385.022  0.007
 1553  1385.568  0.011
 1554  1386.114  0.043
 1555  1386.661  0.040
 1556  1387.208  0.024
 1557  1387.756  0.036
 1558  1388.304  0.037
 1559  1388.852  0.029
 1560  1389.401  0.008
 1561  1389.951  0.007
 1562  1390.501  0.018
 1563  1391.051  0.041
 1564  1391.602  0.022
 1565  1392.153  0.006
 1566  1392.705  0.006
 1567  1393.257  0.011
 1568  1393.810  0.022
 1569  1394.363  0.022
 1570  1394.916  0.021
 1571  1395.470  0.019
 1572  1396.025  0.030
 1573  1396.579  0.017
 1574  1397.135  0.017
 1575  1397.691  0.036
 1576  1398.247  0.018
 1577  1398.803  0.026
 1578  1399.361  0.022
 1579  1399.918  0.019
 1580  1400.476  0.015
 1581  1401.035  0.012
 1582  1401.594  0.010
 1583  1402.153  0.009
 1584  1402.713  0.011
 1585  1403.273  0.018
 1586  1403.834  0.013
 1587  1404.396  0.022
 1588  1404.957  0.030
 1589  1405.519  0.029
 1590  1406.082  0.015
 1591  1406.645  0.008
 1592  1407.209  0.005
 1593  1407.773  0.008
 1594  1408.337  0.015
 1595  1408.902  0.013
 1596  1409.468  0.028
 1597  1410.034  0.042
 1598  1410.600  0.020
 1599  1411.167  0.032
 1600  1411.734  0.047
 1601  1412.302  0.041
 1602  1412.870  0.023
 1603  1413.439  0.004
 1604  1414.008  0.004
 1605  1414.578  0.013
 1606  1415.148  0.006
 1607  1415.718  0.033
 1608  1416.289  0.031
 1609  1416.861  0.028
 1610  1417.433  0.032
 1611  1418.005  0.016
 1612  1418.578  0.035
 1613  1419.151  0.025
 1614  1419.725  0.026
 1615  1420.300  0.017
 1616  1420.875  0.015
 1617  1421.450  0.013
 1618  1422.026  0.004
 1619  1422.602  0.007
 1620  1423.178  0.025
 1621  1423.756  0.028
 1622  1424.333  0.037
 1623  1424.911  0.017
 1624  1425.490  0.008
 1625  1426.069  0.010
 1626  1426.649  0.009
 1627  1427.229  0.008
 1628  1427.809  0.023
 1629  1428.390  0.033
 1630  1428.972  0.010
 1631  1429.554  0.032
 1632  1430.136  0.019
 1633  1430.719  0.014
 1634  1431.303  0.009
 1635  1431.887  0.018
 1636  1432.471  0.019
 1637  1433.056  0.030
 1638  1433.641  0.026
 1639  1434.227  0.006
 1640  1434.814  0.006
 1641  1435.400  0.017
 1642  1435.988  0.020
 1643  1436.576  0.024
 1644  1437.164  0.021
 1645  1437.753  0.009
 1646  1438.342  0.010
 1647  1438.932  0.008
 1648  1439.522  0.008
 1649  1440.113  0.006
 1650  1440.704  0.011
 1651  1441.296  0.012
 1652  1441.888  0.015
 1653  1442.481  0.006
 1654  1443.074  0.015
 1655  1460.265  0.012
 1656  1460.873  0.009
 1657  1461.482  0.007
 1658  1462.091  0.003
 1659  1462.701  0.004
 1660  1463.311  0.011
 1661  1463.922  0.026
 1662  1464.533  0.041
 1663  1465.145  0.020
 1664  1465.758  0.013
 1665  1466.371  0.008
 1666  1466.984  0.004
 1667  1467.598  0.004
 1668  1468.212  0.005
 1669  1468.827  0.004
 1670  1469.443  0.004
 1671  1470.059  0.003
 1672  1470.675  0.006
 1673  1471.292  0.025
 1674  1471.910  0.016
 1675  1472.528  0.017
 1676  1473.146  0.019
 1677  1473.765  0.011
 1678  1474.385  0.017
 1679  1475.005  0.011
 1680  1475.625  0.017
 1681  1476.246  0.025
 1682  1476.868  0.025
 1683  1477.490  0.011
 1684  1478.113  0.007
 1685  1478.736  0.006
 1686  1479.360  0.006
 1687  1479.984  0.011
 1688  1480.609  0.012
 1689  1481.234  0.022
 1690  1481.860  0.032
 1691  1482.486  0.020
 1692  1483.113  0.013
 1693  1483.741  0.003
 1694  1484.369  0.003
 1695  1484.997  0.003
 1696  1485.626  0.019
 1697  1486.255  0.024
 1698  1486.885  0.040
 1699  1487.516  0.015
 1700  1488.147  0.009
 1701  1488.779  0.023
 1702  1489.411  0.025
 1703  1490.044  0.015
 1704  1490.677  0.012
 1705  1491.311  0.036
 1706  1491.945  0.026
 1707  1492.580  0.007
 1708  1493.215  0.005
 1709  1493.851  0.003
 1710  1494.487  0.018
 1711  1495.124  0.033
 1712  1495.762  0.045
 1713  1496.400  0.012
 1714  1497.038  0.010
 1715  1497.677  0.009
 1716  1498.317  0.038
 1717  1498.957  0.014
 1718  1499.598  0.008
 1719  1500.239  0.006
 1720  1500.881  0.007
 1721  1501.523  0.014
 1722  1502.166  0.022
 1723  1502.810  0.003
 1724  1503.454  0.014
 1725  1504.098  0.025
 1726  1504.743  0.035
 1727  1505.389  0.040
 1728  1506.035  0.025
 1729  1506.682  0.019
 1730  1507.329  0.008
 1731  1507.977  0.009
 1732  1508.625  0.009
 1733  1509.274  0.014
 1734  1509.923  0.019
 1735  1510.573  0.026
 1736  1511.224  0.011
 1737  1511.875  0.015
 1738  1512.527  0.024
 1739  1513.179  0.016
 1740  1513.832  0.007
 1741  1514.485  0.013
 1742  1515.139  0.024
 1743  1515.793  0.013
 1744  1516.448  0.014
 1745  1517.104  0.013
 1746  1517.760  0.018
 1747  1518.417  0.013
 1748  1519.074  0.004
 1749  1519.732  0.014
 1750  1520.390  0.013
 1751  1521.049  0.018
 1752  1521.708  0.018
 1753  1522.368  0.029
 1754  1523.029  0.013
 1755  1523.690  0.006
 1756  1524.352  0.008
 1757  1525.014  0.015
 1758  1525.677  0.014
 1759  1526.340  0.010
 1760  1527.004  0.017
 1761  1541.096  0.028
 1762  1541.772  0.040
 1763  1542.449  0.018
 1764  1543.126  0.009
 1765  1543.803  0.015
 1766  1544.482  0.011
 1767  1545.161  0.020
 1768  1545.840  0.025
 1769  1546.520  0.011
 1770  1547.200  0.004
 1771  1547.881  0.003
 1772  1548.563  0.003
 1773  1549.245  0.017
 1774  1549.928  0.035
 1775  1550.612  0.031
 1776  1551.296  0.009
 1777  1551.980  0.004
 1778  1552.666  0.003
 1779  1553.351  0.013
 1780  1554.038  0.020
 1781  1554.725  0.011
 1782  1555.412  0.004
 1783  1556.100  0.009
 1784  1556.789  0.032
 1785  1557.479  0.037
 1786  1558.168  0.023
 1787  1558.859  0.021
 1788  1559.550  0.021
 1789  1560.242  0.011
 1790  1560.934  0.011
 1791  1561.627  0.009
 1792  1562.320  0.008
 1793  1563.015  0.005
 1794  1563.709  0.011
 1795  1564.404  0.029
 1796  1565.100  0.018
 1797  1565.797  0.008
 1798  1566.494  0.006
 1799  1567.192  0.006
 1800  1567.890  0.019
 1801  1568.589  0.031
 1802  1569.288  0.031
 1803  1569.988  0.022
 1804  1570.689  0.015
 1805  1571.390  0.015
 1806  1572.092  0.012
 1807  1572.795  0.012
 1808  1573.498  0.015
 1809  1574.201  0.025
 1810  1574.906  0.031
 1811  1575.611  0.057
 1812  1576.316  0.042
 1813  1577.022  0.035
 1814  1577.729  0.033
 1815  1578.437  0.039
 1816  1579.145  0.033
 1817  1579.853  0.025
 1818  1580.562  0.018
 1819  1581.272  0.009
 1820  1581.983  0.014
 1821  1582.694  0.004
 1822  1583.405  0.004
 1823  1584.118  0.007
 1824  1584.831  0.008
 1825  1585.544  0.006
 1826  1586.258  0.008
 1827  1586.973  0.010
 1828  1587.688  0.007
 1829  1588.404  0.005
 1830  1589.121  0.013
 1831  1589.838  0.014
 1832  1590.556  0.015
 1833  1591.275  0.017
 1834  1591.994  0.012
 1835  1592.714  0.006
 1836  1593.434  0.011
 1837  1594.155  0.028
 1838  1594.877  0.015
 1839  1595.599  0.012
 1840  1596.322  0.016
 1841  1597.045  0.007
 1842  1597.770  0.004
 1843  1598.494  0.005
 1844  1599.220  0.006
 1845  1599.946  0.003
 1846  1600.672  0.021
 1847  1601.400  0.016
 1848  1602.128  0.009
 1849  1602.856  0.024
 1850  1603.585  0.022
 1851  1604.315  0.014
 1852  1605.046  0.010
 1853  1605.777  0.011
 1854  1606.509  0.056
 1855  1607.241  0.027
 1856  1607.974  0.026
 1857  1608.708  0.048
 1858  1609.442  0.023
 1859  1610.177  0.049
 1860  1610.913  0.018
 1861  1611.649  0.007
 1862  1612.386  0.017
 1863  1613.124  0.023
 1864  1613.862  0.034
 1865  2181.494  0.083
 1866  2182.400  0.038
 1867  2183.306  0.039
 1868  2184.213  0.033
 1869  2185.121  0.044
 1870  2186.030  0.071
 1871  2186.939  0.124
 1872  2187.850  0.050
 1873  2188.760  0.022
 1874  2189.672  0.018
 1875  2190.584  0.030
 1876  2191.498  0.030
 1877  2192.412  0.095
 1878  2193.326  0.104
 1879  2194.242  0.091
 1880  2195.158  0.016
 1881  2196.075  0.017
 1882  2196.992  0.019
 1883  2197.911  0.013
 1884  2198.830  0.036
 1885  2199.750  0.092
 1886  2200.671  0.079
 1887  2201.592  0.010
 1888  2202.514  0.042
 1889  2203.437  0.012
 1890  2204.361  0.025
 1891  2205.285  0.044
 1892  2206.210  0.023
 1893  2207.136  0.019
 1894  2208.063  0.017
 1895  2208.991  0.018
 1896  2209.919  0.012
 1897  2210.848  0.015
 1898  2211.778  0.082
 1899  2212.708  0.091
 1900  2213.640  0.019
 1901  2214.572  0.014
 1902  2215.505  0.015
 1903  2216.438  0.017
 1904  2217.373  0.016
 1905  2218.308  0.042
 1906  2219.244  0.046
 1907  2220.181  0.010
 1908  2221.118  0.017
 1909  2222.057  0.041
 1910  2222.996  0.021
 1911  2223.936  0.030
 1912  2224.876  0.040
 1913  2225.818  0.012
 1914  2226.760  0.015
 1915  2227.703  0.026
 1916  2228.646  0.019
 1917  2229.591  0.020
 1918  2230.536  0.023
 1919  2231.482  0.018
 1920  2232.429  0.020
 1921  2233.377  0.022
 1922  2234.325  0.023
 1923  2235.275  0.021
 1924  2236.225  0.020
 1925  2237.176  0.018
 1926  2238.127  0.013
 1927  2239.080  0.012
 1928  2240.033  0.021
 1929  2240.987  0.016
 1930  2241.942  0.047
 1931  2242.897  0.068
 1932  2243.854  0.021
 1933  2244.811  0.009
 1934  2245.769  0.018
 1935  2246.727  0.014
 1936  2247.687  0.014
 1937  2248.647  0.017
 1938  2249.608  0.015
 1939  2250.570  0.012
 1940  2251.533  0.014
 1941  2252.497  0.014
 1942  2253.461  0.008
 1943  2254.426  0.023
 1944  2255.392  0.007
 1945  2256.359  0.011
 1946  2257.326  0.005
 1947  2258.295  0.008
 1948  2259.264  0.007
 1949  2260.234  0.015
 1950  2261.205  0.012
 1951  2262.176  0.020
 1952  2263.149  0.030
 1953  2264.122  0.033
 1954  2265.096  0.033
 1955  2266.071  0.033
 1956  2267.047  0.027
 1957  2268.023  0.025
 1958  2269.000  0.028
 1959  2269.979  0.032
 1960  2270.958  0.031
 1961  2271.937  0.023
 1962  2272.918  0.022
 1963  2273.899  0.012
 1964  2274.882  0.017
 1965  2275.865  0.012
 1966  2276.848  0.011
 1967  2277.833  0.011
 1968  2278.819  0.011
 1969  2279.805  0.007
 1970  2280.792  0.015
 1971  2281.780  0.011
 1972  2282.769  0.012
 1973  2283.759  0.019
 1974  2284.749  0.022
 1975  2285.741  0.021
 1976  2286.733  0.020
 1977  2287.726  0.021
 1978  2288.720  0.019
 1979  2289.714  0.022
 1980  2290.710  0.022
 1981  2291.706  0.025
 1982  2292.703  0.024
 1983  2293.701  0.025
 1984  2294.700  0.027
 1985  2295.700  0.026
 1986  2296.701  0.031
 1987  2297.702  0.025
 1988  2298.704  0.026
 1989  2299.707  0.020
 1990  2300.711  0.023
 1991  2301.716  0.024
 1992  2302.722  0.026
 1993  2303.728  0.025
 1994  2304.735  0.025
 1995  2305.744  0.024
 1996  2306.753  0.019
 1997  2307.762  0.022
 1998  2308.773  0.018
 1999  2309.785  0.025
 2000  2310.797  0.017
 2001  2311.811  0.024
 2002  2312.825  0.019
 2003  2313.840  0.029
 2004  2314.856  0.017
 2005  2315.872  0.021
 2006  2316.890  0.013
 2007  2317.908  0.016
 2008  2318.928  0.010
 2009  2319.948  0.016
 2010  2320.969  0.010
 2011  2321.991  0.009
 2012  2323.014  0.009
 2013  2324.037  0.015
 2014  2325.062  0.014
 2015  2299.798  0.019
 2016  2300.703  0.023
 2017  2301.608  0.024
 2018  2302.514  0.026
 2019  2303.421  0.028
 2020  2304.329  0.023
 2021  2305.237  0.028
 2022  2306.146  0.018
 2023  2307.056  0.022
 2024  2307.966  0.021
 2025  2308.877  0.019
 2026  2309.789  0.027
 2027  2310.702  0.017
 2028  2311.615  0.025
 2029  2312.530  0.017
 2030  2313.445  0.028
 2031  2314.361  0.021
 2032  2315.277  0.020
 2033  2316.194  0.018
 2034  2317.112  0.015
 2035  2318.031  0.016
 2036  2318.950  0.010
 2037  2319.871  0.020
 2038  2320.792  0.009
 2039  2321.713  0.016
 2040  2322.636  0.006
 2041  2323.559  0.021
 2042  2324.483  0.012
 2043  2325.408  0.015
 2044  2326.333  0.006
 2045  2327.260  0.015
 2046  2328.187  0.006
 2047  2329.114  0.013
 2048  2330.043  0.007
 2049  2330.972  0.015
 2050  2331.902  0.007
 2051  2332.833  0.014
 2052  2333.765  0.009
 2053  2334.697  0.017
 2054  2335.630  0.014
 2055  2336.564  0.014
 2056  2337.499  0.010
 2057  2338.434  0.010
 2058  2339.370  0.011
 2059  2340.307  0.009
 2060  2341.245  0.011
 2061  2342.183  0.009
 2062  2343.123  0.012
 2063  2344.063  0.010
 2064  2345.003  0.012
 2065  2345.945  0.011
 2066  2346.887  0.012
 2067  2347.831  0.019
 2068  2348.774  0.023
 2069  2349.719  0.013
 2070  2350.665  0.009
 2071  2351.611  0.008
 2072  2352.558  0.005
 2073  2353.506  0.005
 2074  2354.454  0.008
 2075  2355.404  0.008
 2076  2356.354  0.011
 2077  2357.305  0.013
 2078  2358.257  0.009
 2079  2359.209  0.008
 2080  2360.162  0.006
 2081  2361.116  0.005
 2082  2362.071  0.004
 2083  2363.027  0.004
 2084  2363.983  0.009
 2085  2364.941  0.010
 2086  2365.899  0.010
 2087  2366.857  0.014
 2088  2367.817  0.016
 2089  2368.778  0.018
 2090  2369.739  0.018
 2091  2370.701  0.016
 2092  2371.664  0.012
 2093  2372.627  0.010
 2094  2373.592  0.005
 2095  2374.557  0.005
 2096  2375.523  0.006
 2097  2376.490  0.007
 2098  2377.457  0.009
 2099  2378.426  0.010
 2100  2379.395  0.021
 2101  2380.365  0.040
 2102  2381.335  0.046
 2103  2382.307  0.054
 2104  2383.280  0.064
 2105  2384.253  0.058
 2106  2385.227  0.049
 2107  2386.202  0.041
 2108  2387.177  0.035
 2109  2388.154  0.030
 2110  2389.131  0.030
 2111  2390.109  0.020
 2112  2391.088  0.021
 2113  2392.068  0.019
 2114  2393.048  0.014
 2115  2394.030  0.010
 2116  2395.012  0.012
 2117  2395.995  0.013
 2118  2396.979  0.014
 2119  2397.963  0.014
 2120  2398.949  0.013
 2121  2399.935  0.012
 2122  2400.922  0.013
 2123  2401.910  0.013
 2124  2402.899  0.013
 2125  2403.888  0.013
 2126  2404.879  0.012
 2127  2405.870  0.013
 2128  2406.862  0.013
 2129  2407.855  0.012
 2130  2408.849  0.012
 2131  2409.843  0.012
 2132  2410.839  0.013
 2133  2411.835  0.012
 2134  2412.832  0.012
 2135  2413.830  0.012
 2136  2414.828  0.011
 2137  2415.828  0.011
 2138  2416.828  0.011
 2139  2417.830  0.011
 2140  2418.832  0.011
 2141  2419.834  0.010
 2142  2420.838  0.010
 2143  2421.843  0.011
 2144  2422.848  0.011
 2145  2446.194  0.010
 2146  2447.219  0.011
 2147  2448.244  0.012
 2148  2449.270  0.012
 2149  2450.297  0.012
 2150  2451.325  0.013
 2151  2452.354  0.013
 2152  2453.383  0.013
 2153  2454.414  0.013
 2154  2455.445  0.013
 2155  2456.477  0.012
 2156  2457.510  0.011
 2157  2458.544  0.010
 2158  2459.578  0.009
 2159  2460.614  0.010
 2160  2461.650  0.009
 2161  2462.687  0.009
 2162  2463.725  0.009
 2163  2464.764  0.010
 2164  2465.804  0.010
 2165  2466.844  0.011
 2166  2467.886  0.011
 2167  2468.928  0.013
 2168  2469.971  0.015
 2169  2471.015  0.013
 2170  2472.060  0.013
 2171  2473.106  0.012
 2172  2474.153  0.012
 2173  2475.200  0.012
 2174  2476.249  0.011
 2175  2477.298  0.010
 2176  2478.348  0.010
 2177  2479.399  0.009
 2178  2480.451  0.008
 2179  2481.503  0.008
 2180  2482.557  0.008
 2181  2483.611  0.008
 2182  2484.667  0.007
 2183  2485.723  0.007
 2184  2486.780  0.007
 2185  2487.838  0.006
 2186  2488.896  0.006
 2187  2489.956  0.006
 2188  2491.017  0.006
 2189  2492.078  0.006
 2190  2493.141  0.006
 2191  2494.204  0.007
 2192  2495.268  0.007
 2193  2496.333  0.008
 2194  2497.399  0.009
 2195  2498.465  0.009
 2196  2499.533  0.008
 2197  2500.602  0.008
 2198  2501.671  0.007
 2199  2502.741  0.007
 2200  2503.812  0.008
 2201  2504.884  0.008
 2202  2505.957  0.008
 2203  2507.031  0.008
 2204  2508.106  0.008
 2205  2509.182  0.008
 2206  2510.258  0.009
 2207  2511.335  0.008
 2208  2512.414  0.007
 2209  2513.493  0.008
 2210  2514.573  0.009
 2211  2515.654  0.010
 2212  2516.736  0.009
 2213  2517.819  0.007
 2214  2518.903  0.008
 2215  2519.987  0.007
 2216  2521.073  0.007
 2217  2522.159  0.007
 2218  2523.247  0.007
 2219  2524.335  0.006
 2220  2525.424  0.004
 2221  2526.514  0.003
 2222  2527.605  0.004
 2223  2528.697  0.004
 2224  2529.790  0.005
 2225  2530.883  0.005
 2226  2531.978  0.005
 2227  2533.073  0.003
 2228  2534.170  0.003
 2229  2535.267  0.005
 2230  2536.366  0.004
 2231  2537.465  0.005
 2232  2538.565  0.010
 2233  2539.666  0.011
 2234  2540.768  0.009
 2235  2541.871  0.010
 2236  2542.975  0.010
 2237  2544.080  0.011
 2238  2545.185  0.014
 2239  2546.292  0.015
 2240  2547.399  0.014
 2241  2548.508  0.012
 2242  2549.617  0.014
 2243  2550.728  0.018
 2244  2551.839  0.020
 2245  2552.951  0.022
 2246  2554.064  0.023
 2247  2555.178  0.021
 2248  2556.293  0.021
 2249  2557.409  0.030
 2250  2558.526  0.021
 2251  2559.644  0.012
 2252  2560.763  0.013
 2253  2561.882  0.007
 2254  2563.003  0.011
 2255  2564.125  0.017
 2256  2565.247  0.009
 2257  2566.371  0.010
 2258  2567.495  0.019
 2259  2568.620  0.024
 2260  2569.747  0.024
 2261  2541.899  0.010
 2262  2542.904  0.010
 2263  2543.909  0.010
 2264  2544.916  0.013
 2265  2545.923  0.015
 2266  2546.931  0.015
 2267  2547.939  0.013
 2268  2548.949  0.011
 2269  2549.959  0.015
 2270  2550.970  0.018
 2271  2551.983  0.020
 2272  2552.995  0.022
 2273  2554.009  0.022
 2274  2555.024  0.020
 2275  2556.039  0.018
 2276  2557.055  0.027
 2277  2558.072  0.026
 2278  2559.090  0.014
 2279  2560.109  0.011
 2280  2561.128  0.010
 2281  2562.149  0.006
 2282  2563.170  0.014
 2283  2564.192  0.019
 2284  2565.215  0.009
 2285  2566.238  0.008
 2286  2567.263  0.017
 2287  2568.288  0.022
 2288  2569.315  0.027
 2289  2570.342  0.028
 2290  2571.370  0.025
 2291  2572.398  0.017
 2292  2573.428  0.024
 2293  2574.458  0.026
 2294  2575.490  0.020
 2295  2576.522  0.016
 2296  2577.555  0.019
 2297  2578.589  0.025
 2298  2579.624  0.016
 2299  2580.659  0.007
 2300  2581.696  0.017
 2301  2582.733  0.014
 2302  2583.771  0.006
 2303  2584.810  0.007
 2304  2585.850  0.009
 2305  2586.891  0.005
 2306  2587.932  0.007
 2307  2588.975  0.017
 2308  2590.018  0.027
 2309  2591.062  0.035
 2310  2592.107  0.025
 2311  2593.153  0.036
 2312  2594.200  0.028
 2313  2595.247  0.004
 2314  2596.296  0.016
 2315  2597.345  0.014
 2316  2598.395  0.007
 2317  2599.446  0.006
 2318  2600.498  0.018
 2319  2601.551  0.017
 2320  2602.605  0.007
 2321  2603.659  0.006
 2322  2604.715  0.016
 2323  2605.771  0.045
 2324  2606.828  0.081
 2325  2607.886  0.100
 2326  2608.945  0.040
 2327  2610.005  0.006
 2328  2611.066  0.005
 2329  2612.127  0.025
 2330  2613.190  0.021
 2331  2614.253  0.006
 2332  2615.317  0.008
 2333  2616.383  0.007
 2334  2617.448  0.008
 2335  2618.515  0.008
 2336  2619.583  0.030
 2337  2620.652  0.041
 2338  2621.721  0.106
 2339  2622.792  0.093
 2340  2623.863  0.054
 2341  2624.935  0.065
 2342  2626.009  0.040
 2343  2627.083  0.008
 2344  2628.157  0.033
 2345  2629.233  0.022
 2346  2630.310  0.005
 2347  2631.387  0.007
 2348  2632.466  0.012
 2349  2633.545  0.009
 2350  2634.626  0.025
 2351  2635.707  0.049
 2352  2636.789  0.057
 2353  2637.872  0.089
 2354  2638.956  0.068
 2355  2640.041  0.013
 2356  2641.126  0.034
 2357  2642.213  0.089
 2358  2643.301  0.057
 2359  2644.389  0.034
 2360  2645.479  0.018
 2361  2646.569  0.006
 2362  2647.660  0.005
 2363  2648.752  0.043
 2364  2649.845  0.045
 2365  2650.939  0.034
 2366  2652.034  0.046
 2367  2653.129  0.014
 2368  2654.226  0.014
 2369  2655.324  0.046
 2370  2656.422  0.050
 2371  2657.522  0.035
 2372  2658.622  0.052
 2373  2659.723  0.087
 2374  2660.825  0.052
 2375  2661.928  0.020
 2376  2663.033  0.047
 2377  2664.138  0.027
 2378  2665.243  0.018
